xof 0303txt 0032


template VertexDuplicationIndices { 
 <b8d65549-d7c9-4995-89cf-53a9a8b031e3>
 DWORD nIndices;
 DWORD nOriginalVertices;
 array DWORD indices[nIndices];
}
template XSkinMeshHeader {
 <3cf169ce-ff7c-44ab-93c0-f78f62d172e2>
 WORD nMaxSkinWeightsPerVertex;
 WORD nMaxSkinWeightsPerFace;
 WORD nBones;
}
template SkinWeights {
 <6f0d123b-bad2-4167-a0d0-80224f25fabb>
 STRING transformNodeName;
 DWORD nWeights;
 array DWORD vertexIndices[nWeights];
 array float weights[nWeights];
 Matrix4x4 matrixOffset;
}

AnimTicksPerSecond {
25; 
}
Frame RootFrame {

  FrameTransformMatrix {
    1.000000,0.000000,0.000000,0.000000,
    0.000000,-0.000000,1.000000,0.000000,
    0.000000,1.000000,0.000000,0.000000,
    0.000000,0.000000,0.000000,1.000000;;
  }
  Frame Cube {

    FrameTransformMatrix {
      1.000000,0.000000,0.000000,0.000000,
      0.000000,1.000000,0.000000,0.000000,
      0.000000,0.000000,1.000000,0.000000,
      0.000000,0.000000,0.000000,1.000000;;
    }
Mesh {
24;
1.000000; 1.000000; -1.000000;,
1.000000; -1.000000; -1.000000;,
-1.000000; -1.000000; -1.000000;,
-1.000000; 1.000000; -1.000000;,
1.000000; 1.000000; 1.000000;,
-1.000000; 1.000000; 1.000000;,
-1.000000; -1.000000; 1.000000;,
1.000000; -1.000000; 1.000000;,
1.000000; 1.000000; -1.000000;,
1.000000; 1.000000; 1.000000;,
1.000000; -1.000000; 1.000000;,
1.000000; -1.000000; -1.000000;,
1.000000; -1.000000; -1.000000;,
1.000000; -1.000000; 1.000000;,
-1.000000; -1.000000; 1.000000;,
-1.000000; -1.000000; -1.000000;,
-1.000000; -1.000000; -1.000000;,
-1.000000; -1.000000; 1.000000;,
-1.000000; 1.000000; 1.000000;,
-1.000000; 1.000000; -1.000000;,
1.000000; 1.000000; 1.000000;,
1.000000; 1.000000; -1.000000;,
-1.000000; 1.000000; -1.000000;,
-1.000000; 1.000000; 1.000000;;
6;
4; 0, 3, 2, 1;,
4; 4, 7, 6, 5;,
4; 8, 11, 10, 9;,
4; 12, 15, 14, 13;,
4; 16, 19, 18, 17;,
4; 20, 23, 22, 21;;
  MeshMaterialList {
    1;
    6;
    0,
    0,
    0,
    0,
    0,
    0;;
  Material Material {
    0.800000; 0.800000; 0.800000;1.0;;
    0.500000;
    1.000000; 1.000000; 1.000000;;
    0.0; 0.0; 0.0;;
  }  //End of Material
    }  //End of MeshMaterialList
  MeshNormals {
24;
    0.577349; 0.577349; -0.577349;,
    0.577349; -0.577349; -0.577349;,
    -0.577349; -0.577349; -0.577349;,
    -0.577349; 0.577349; -0.577349;,
    0.577349; 0.577349; 0.577349;,
    -0.577349; 0.577349; 0.577349;,
    -0.577349; -0.577349; 0.577349;,
    0.577349; -0.577349; 0.577349;,
    0.577349; 0.577349; -0.577349;,
    0.577349; 0.577349; 0.577349;,
    0.577349; -0.577349; 0.577349;,
    0.577349; -0.577349; -0.577349;,
    0.577349; -0.577349; -0.577349;,
    0.577349; -0.577349; 0.577349;,
    -0.577349; -0.577349; 0.577349;,
    -0.577349; -0.577349; -0.577349;,
    -0.577349; -0.577349; -0.577349;,
    -0.577349; -0.577349; 0.577349;,
    -0.577349; 0.577349; 0.577349;,
    -0.577349; 0.577349; -0.577349;,
    0.577349; 0.577349; 0.577349;,
    0.577349; 0.577349; -0.577349;,
    -0.577349; 0.577349; -0.577349;,
    -0.577349; 0.577349; 0.577349;;
6;
4; 0, 3, 2, 1;,
4; 4, 7, 6, 5;,
4; 8, 11, 10, 9;,
4; 12, 15, 14, 13;,
4; 16, 19, 18, 17;,
4; 20, 23, 22, 21;;
}  //End of MeshNormals
  }  // End of the Mesh Cube 
  }  // SI End of the Object Cube 
  Frame Camera {

    FrameTransformMatrix {
      1.000000,0.000000,0.000000,0.000000,
      0.000000,0.859400,-0.511300,0.000000,
      0.000000,0.511300,0.859400,0.000000,
      0.000000,-8.959700,5.330000,1.000000;;
    }
Mesh {
24;
1.000000; 1.000000; -1.000000;,
1.000000; -1.000000; -1.000000;,
-1.000000; -1.000000; -1.000000;,
-1.000000; 1.000000; -1.000000;,
1.000000; 1.000000; 1.000000;,
-1.000000; 1.000000; 1.000000;,
-1.000000; -1.000000; 1.000000;,
1.000000; -1.000000; 1.000000;,
1.000000; 1.000000; -1.000000;,
1.000000; 1.000000; 1.000000;,
1.000000; -1.000000; 1.000000;,
1.000000; -1.000000; -1.000000;,
1.000000; -1.000000; -1.000000;,
1.000000; -1.000000; 1.000000;,
-1.000000; -1.000000; 1.000000;,
-1.000000; -1.000000; -1.000000;,
-1.000000; -1.000000; -1.000000;,
-1.000000; -1.000000; 1.000000;,
-1.000000; 1.000000; 1.000000;,
-1.000000; 1.000000; -1.000000;,
1.000000; 1.000000; 1.000000;,
1.000000; 1.000000; -1.000000;,
-1.000000; 1.000000; -1.000000;,
-1.000000; 1.000000; 1.000000;;
6;
4; 0, 3, 2, 1;,
4; 4, 7, 6, 5;,
4; 8, 11, 10, 9;,
4; 12, 15, 14, 13;,
4; 16, 19, 18, 17;,
4; 20, 23, 22, 21;;
  MeshMaterialList {
    0;
    6;
    0,
    0,
    0,
    0,
    0,
    0;;
    }  //End of MeshMaterialList
  MeshNormals {
24;
    0.577349; 0.577349; -0.577349;,
    0.577349; -0.577349; -0.577349;,
    -0.577349; -0.577349; -0.577349;,
    -0.577349; 0.577349; -0.577349;,
    0.577349; 0.577349; 0.577349;,
    -0.577349; 0.577349; 0.577349;,
    -0.577349; -0.577349; 0.577349;,
    0.577349; -0.577349; 0.577349;,
    0.577349; 0.577349; -0.577349;,
    0.577349; 0.577349; 0.577349;,
    0.577349; -0.577349; 0.577349;,
    0.577349; -0.577349; -0.577349;,
    0.577349; -0.577349; -0.577349;,
    0.577349; -0.577349; 0.577349;,
    -0.577349; -0.577349; 0.577349;,
    -0.577349; -0.577349; -0.577349;,
    -0.577349; -0.577349; -0.577349;,
    -0.577349; -0.577349; 0.577349;,
    -0.577349; 0.577349; 0.577349;,
    -0.577349; 0.577349; -0.577349;,
    0.577349; 0.577349; 0.577349;,
    0.577349; 0.577349; -0.577349;,
    -0.577349; 0.577349; -0.577349;,
    -0.577349; 0.577349; 0.577349;;
6;
4; 0, 3, 2, 1;,
4; 4, 7, 6, 5;,
4; 8, 11, 10, 9;,
4; 12, 15, 14, 13;,
4; 16, 19, 18, 17;,
4; 20, 23, 22, 21;;
}  //End of MeshNormals
  }  // End of the Mesh Camera 
  }  // SI End of the Object Camera 
}  // End of the Root Frame
AnimationSet AnimationSet0 {
 Animation {
  { Camera }
   AnimationKey { 
   4;
   5; 
   1;16;1.000000,0.000000,0.000000,0.000000,0.000000,0.859400,-0.511300,0.000000,0.000000,0.511300,0.859400,0.000000,0.000000,-8.959700,5.330000,1.000000;;,
   39;16;0.746500,0.665400,0.000000,0.000000,-0.591300,0.663300,-0.458600,0.000000,-0.305200,0.342300,0.888600,0.000000,6.872400,-7.709600,5.330000,1.000000;;,
   72;16;0.313000,0.949800,-0.000000,0.000000,-0.764700,0.252000,-0.593100,0.000000,-0.563300,0.185600,0.805100,0.000000,6.872400,-2.264800,5.330000,1.000000;;,
   121;16;0.687700,0.725900,0.000000,0.000000,-0.632600,0.599300,-0.490600,0.000000,-0.356200,0.337400,0.871400,0.000000,6.872400,-6.510700,5.330000,1.000000;;,
   159;16;0.999100,0.042900,0.000000,0.000000,-0.033200,0.773400,-0.633100,0.000000,-0.027200,0.632500,0.774100,0.000000,0.279500,-6.510700,5.330000,1.000000;;;
   }
  }
} // End of Animation Set
